a = 13053660249015046863, b = 14731404471217122002, m = 16520077267041420904
a+b mod m = 11264987453190747961.....PASSED
a-b mod m = 14842333044839345765.....PASSED
a*b mod m = 13008084103192797750.....PASSED
a^b mod m = 12523224429397597497.....PASSED
a = 18446744073709551615, b = 72057594037927935, m = 65536
a+b mod m = 65534.....PASSED
a-b mod m = 0.....PASSED
a*b mod m = 1.....PASSED
a^b mod m = 65535.....PASSED
18446744073709551613^18446744073709551613 mod 5 = 3.....PASSED
2 3 5 7 11 13 17 19 23 29 
31 37 41 43 47 53 59 61 67 71 
73 79 83 89 97 101 103 107 109 113 
127 131 137 139 149 151 157 163 167 173 
179 181 191 193 197 199 211 223 227 229 
233 239 241 251 257 263 269 271 277 281 
283 293 307 311 313 317 331 337 347 349 
353 359 367 373 379 383 389 397 401 409 
419 421 431 433 439 443 449 457 461 463 
467 479 487 491 499 503 509 521 523 541 
9223372036854775837 9223372036854775907 9223372036854775931 9223372036854775939 
9223372036854775963 9223372036854776063 9223372036854776077 9223372036854776167 
9223372036854776243 9223372036854776257 9223372036854776261 9223372036854776293 
9223372036854776299 9223372036854776351 9223372036854776393 9223372036854776407 
9223372036854776561 9223372036854776657 9223372036854776687 9223372036854776693 
9223372036854776711 9223372036854776803 9223372036854777017 9223372036854777059 
9223372036854777119 9223372036854777181 9223372036854777211 9223372036854777293 
9223372036854777341 9223372036854777343 9223372036854777353 9223372036854777359 
9223372036854777383 9223372036854777409 9223372036854777433 9223372036854777463 
9223372036854777509 9223372036854777517 9223372036854777653 9223372036854777667 
9223372036854777721 9223372036854777803 9223372036854777853 9223372036854778027 
9223372036854778037 9223372036854778129 9223372036854778171 9223372036854778193 
9223372036854778291 9223372036854778307 9223372036854778331 9223372036854778351 
9223372036854778421 9223372036854778447 9223372036854778487 9223372036854778637 
9223372036854778739 9223372036854778897 9223372036854778973 9223372036854778997 
9223372036854779053 9223372036854779081 9223372036854779099 9223372036854779149 
9223372036854779173 9223372036854779339 9223372036854779351 9223372036854779357 
9223372036854779459 9223372036854779491 9223372036854779591 9223372036854779627 
9223372036854779633 9223372036854779663 9223372036854779731 9223372036854779753 
9223372036854779789 9223372036854779813 9223372036854779831 9223372036854779891 
9223372036854779953 9223372036854779971 9223372036854780017 9223372036854780031 
9223372036854780073 9223372036854780089 9223372036854780097 9223372036854780139 
9223372036854780163 9223372036854780169 9223372036854780193 9223372036854780199 
9223372036854780239 9223372036854780241 9223372036854780251 9223372036854780283 
9223372036854780397 9223372036854780551 9223372036854780611 9223372036854780647 
x = 1부터 67108864까지 소수를 세는 중................................................................소수 개수: 3957810개.....PASSED
계산 시간: 31.8927초
